frame,x,y,z,qx,qy,qz,qw
0,320,240,0.8999999761581421,0.07892939448356628,-0.27421724796295166,-0.7223770618438721,0.629878044128418
1,320,240,0.8999999761581421,0.07892662286758423,-0.27421483397483826,-0.7223774194717407,0.6298791766166687
2,320,240,0.8999999761581421,0.07892096042633057,-0.2742099165916443,-0.7223780155181885,0.6298812627792358
3,320,240,0.8999999761581421,0.07891255617141724,-0.2742025852203369,-0.7223789095878601,0.6298844814300537
4,320,240,0.8999999761581421,0.07890138030052185,-0.27419278025627136,-0.7223801612854004,0.6298887729644775
5,320,240,0.8999999761581421,0.07888737320899963,-0.2741805911064148,-0.7223817110061646,0.6298940181732178
6,320,240,0.8999999761581421,0.07887053489685059,-0.27416595816612244,-0.7223834991455078,0.6299004554748535
7,320,240,0.8999999761581421,0.07885092496871948,-0.2741488218307495,-0.7223856449127197,0.6299078464508057
8,320,240,0.8999999761581421,0.07882854342460632,-0.2741292715072632,-0.7223880887031555,0.6299164295196533
9,320,240,0.8999999761581421,0.07880327105522156,-0.27410730719566345,-0.72239089012146,0.6299258470535278
10,320,240,0.8999999761581421,0.07877519726753235,-0.27408283948898315,-0.7223939299583435,0.6299365758895874
11,320,240,0.8999999761581421,0.07874441146850586,-0.2740558981895447,-0.7223972678184509,0.6299483180046082
12,320,240,0.8999999761581421,0.07871073484420776,-0.2740265727043152,-0.722400963306427,0.6299610137939453
13,320,240,0.8999999761581421,0.07867428660392761,-0.2739948034286499,-0.7224048972129822,0.6299748420715332
14,320,240,0.8999999761581421,0.07863503694534302,-0.27396059036254883,-0.722409188747406,0.6299898028373718
15,320,240,0.8999999761581421,0.07859298586845398,-0.2739238739013672,-0.7224137783050537,0.6300057172775269
16,320,240,0.8999999761581421,0.07854807376861572,-0.2738848030567169,-0.7224186658859253,0.6300227046012878
17,320,240,0.8999999761581421,0.07850050926208496,-0.27384325861930847,-0.722423791885376,0.6300407648086548
18,320,240,0.8999999761581421,0.07845005393028259,-0.27379921078681946,-0.7224292755126953,0.6300599575042725
19,320,240,0.8999999761581421,0.0783967673778534,-0.27375271916389465,-0.7224351167678833,0.6300801038742065
20,320,240,0.8999999761581421,0.07834064960479736,-0.2737038731575012,-0.7224411964416504,0.6301013231277466
21,320,240,0.8999999761581421,0.07828176021575928,-0.27365240454673767,-0.7224476337432861,0.6301237344741821
22,320,240,0.8999999761581421,0.07822006940841675,-0.27359867095947266,-0.7224542498588562,0.6301470398902893
23,320,240,0.8999999761581421,0.07815557718276978,-0.2735424041748047,-0.7224612236022949,0.630171537399292
24,320,240,0.8999999761581421,0.07808831334114075,-0.2734837532043457,-0.7224684953689575,0.6301969289779663
25,320,240,0.8999999761581421,0.0780181884765625,-0.27342259883880615,-0.722476065158844,0.6302235126495361
26,320,240,0.8999999761581421,0.07794535160064697,-0.2733590006828308,-0.7224839329719543,0.6302509903907776
27,320,240,0.8999999761581421,0.07786965370178223,-0.27329301834106445,-0.7224920988082886,0.6302796602249146
28,320,240,0.8999999761581421,0.07779106497764587,-0.27322447299957275,-0.7225005626678467,0.6303093433380127
29,320,240,0.8999999761581421,0.07770982384681702,-0.27315354347229004,-0.7225093245506287,0.6303400993347168
30,320,240,0.8999999761581421,0.07762560248374939,-0.27308014035224915,-0.7225183248519897,0.6303719282150269
31,320,240,0.8999999761581421,0.07753869891166687,-0.27300429344177246,-0.7225276827812195,0.6304047107696533
32,320,240,0.8999999761581421,0.07744899392127991,-0.2729259431362152,-0.7225372791290283,0.6304386854171753
33,320,240,0.8999999761581421,0.07735642790794373,-0.2728452682495117,-0.7225472331047058,0.6304736137390137
34,320,240,0.8999999761581421,0.07726114988327026,-0.2727620601654053,-0.7225574254989624,0.630509614944458
35,320,240,0.8999999761581421,0.0771629810333252,-0.2726764678955078,-0.7225679159164429,0.6305466294288635
36,320,240,0.8999999761581421,0.07706204056739807,-0.2725883722305298,-0.7225787043571472,0.630584716796875
37,320,240,0.8999999761581421,0.0769582986831665,-0.2724977731704712,-0.7225897312164307,0.6306238770484924
38,320,240,0.8999999761581421,0.0768517255783081,-0.2724047601222992,-0.722601056098938,0.6306641101837158
39,320,240,0.8999999761581421,0.07674232125282288,-0.27230924367904663,-0.7226126790046692,0.6307053565979004
40,320,240,0.8999999761581421,0.07663017511367798,-0.27221137285232544,-0.7226245999336243,0.6307476162910461
41,320,240,0.8999999761581421,0.07651513814926147,-0.2721109986305237,-0.7226368188858032,0.6307908296585083
42,320,240,0.8999999761581421,0.0763973593711853,-0.27200818061828613,-0.7226492762565613,0.630835235118866
43,320,240,0.8999999761581421,0.07627680897712708,-0.2719028890132904,-0.7226619720458984,0.63088059425354
44,320,240,0.8999999761581421,0.07615333795547485,-0.2717950940132141,-0.7226750254631042,0.6309270262718201
45,320,240,0.8999999761581421,0.07602712512016296,-0.2716849446296692,-0.7226883172988892,0.630974531173706
46,320,240,0.8999999761581421,0.07589802145957947,-0.2715722322463989,-0.722701907157898,0.6310230493545532
47,320,240,0.8999999761581421,0.07576626539230347,-0.27145707607269287,-0.7227157354354858,0.6310725808143616
48,320,240,0.8999999761581421,0.07563158869743347,-0.2713395953178406,-0.7227298021316528,0.6311230659484863
49,320,240,0.8999999761581421,0.07549414038658142,-0.2712196111679077,-0.7227441668510437,0.6311746835708618
50,320,240,0.8999999761581421,0.07535389065742493,-0.2710970640182495,-0.7227588295936584,0.6312272548675537
51,320,240,0.8999999761581421,0.07521086931228638,-0.2709721326828003,-0.7227737307548523,0.6312808990478516
52,320,240,0.8999999761581421,0.07506498694419861,-0.2708447575569153,-0.7227888703346252,0.6313356161117554
53,320,240,0.8999999761581421,0.07491624355316162,-0.2707148790359497,-0.7228043079376221,0.6313912868499756
54,320,240,0.8999999761581421,0.07476481795310974,-0.27058249711990356,-0.722819983959198,0.6314480304718018
55,320,240,0.8999999761581421,0.07461044192314148,-0.27044767141342163,-0.7228359580039978,0.6315058469772339
56,320,240,0.8999999761581421,0.0744534432888031,-0.2703104317188263,-0.7228521108627319,0.6315644979476929
57,320,240,0.8999999761581421,0.07429343461990356,-0.2701706886291504,-0.7228686213493347,0.6316243410110474
58,320,240,0.8999999761581421,0.07413074374198914,-0.2700285315513611,-0.7228853106498718,0.6316851377487183
59,320,240,0.8999999761581421,0.07396519184112549,-0.2698838710784912,-0.722902238368988,0.6317469477653503
60,320,240,0.8999999761581421,0.07379689812660217,-0.26973676681518555,-0.7229194641113281,0.6318098306655884
61,320,240,0.8999999761581421,0.07362571358680725,-0.2695872187614441,-0.7229369282722473,0.631873607635498
62,320,240,0.8999999761581421,0.07345175743103027,-0.2694350779056549,-0.7229546308517456,0.6319385170936584
63,320,240,0.8999999761581421,0.07327502965927124,-0.2692805528640747,-0.722972571849823,0.6320043206214905
64,320,240,0.8999999761581421,0.07309535145759583,-0.2691235840320587,-0.7229907512664795,0.6320712566375732
65,320,240,0.8999999761581421,0.0729130208492279,-0.26896411180496216,-0.7230091691017151,0.6321390867233276
66,320,240,0.8999999761581421,0.07272779941558838,-0.2688021957874298,-0.7230278253555298,0.632207989692688
67,320,240,0.8999999761581421,0.0725398063659668,-0.2686378061771393,-0.7230466604232788,0.6322778463363647
68,320,240,0.8999999761581421,0.072348952293396,-0.2684709429740906,-0.7230657935142517,0.6323487162590027
69,320,240,0.8999999761581421,0.07215535640716553,-0.2683016359806061,-0.7230851650238037,0.632420539855957
70,320,240,0.8999999761581421,0.07195889949798584,-0.26812970638275146,-0.72310471534729,0.6324934363365173
71,320,240,0.8999999761581421,0.07175961136817932,-0.267955482006073,-0.7231245040893555,0.632567286491394
72,320,240,0.8999999761581421,0.07155755162239075,-0.2677786350250244,-0.7231445908546448,0.6326422691345215
73,320,240,0.8999999761581421,0.07135266065597534,-0.2675993740558624,-0.7231647968292236,0.632718026638031
74,320,240,0.8999999761581421,0.07114499807357788,-0.26741766929626465,-0.7231852412223816,0.6327948570251465
75,320,240,0.8999999761581421,0.07093444466590881,-0.2672334313392639,-0.7232059240341187,0.6328727006912231
76,320,240,0.8999999761581421,0.07072114944458008,-0.26704680919647217,-0.7232268452644348,0.6329514384269714
77,320,240,0.8999999761581421,0.07050502300262451,-0.26685765385627747,-0.7232478857040405,0.6330311894416809
78,320,240,0.8999999761581421,0.07028606534004211,-0.2666660249233246,-0.7232692241668701,0.6331119537353516
79,320,240,0.8999999761581421,0.07006430625915527,-0.26647186279296875,-0.7232908010482788,0.6331937313079834
80,320,240,0.8999999761581421,0.06983968615531921,-0.26627519726753235,-0.723312497138977,0.6332764625549316
81,320,240,0.8999999761581421,0.0696122944355011,-0.2660761773586273,-0.7233344316482544,0.6333600282669067
82,320,240,0.8999999761581421,0.06938210129737854,-0.2658745348453522,-0.7233564853668213,0.6334447860717773
83,320,240,0.8999999761581421,0.06914910674095154,-0.2656705379486084,-0.7233788371086121,0.6335303783416748
84,320,240,0.8999999761581421,0.06891322135925293,-0.2654639482498169,-0.7234013080596924,0.6336169242858887
85,320,240,0.8999999761581421,0.06867459416389465,-0.2652548849582672,-0.723423957824707,0.633704423904419
86,320,240,0.8999999761581421,0.06843313574790955,-0.26504334807395935,-0.7234468460083008,0.6337929964065552
87,320,240,0.8999999761581421,0.06818893551826477,-0.2648293375968933,-0.7234699726104736,0.6338824033737183
88,320,240,0.8999999761581421,0.067941814661026,-0.26461291313171387,-0.723493218421936,0.6339727640151978
89,320,240,0.8999999761581421,0.06769192218780518,-0.2643938362598419,-0.7235167026519775,0.6340641975402832
90,320,240,0.8999999761581421,0.06743916869163513,-0.26417237520217896,-0.7235402464866638,0.6341564655303955
91,320,240,0.8999999761581421,0.06718355417251587,-0.26394832134246826,-0.7235640287399292,0.6342498064041138
92,320,240,0.8999999761581421,0.06692522764205933,-0.26372194290161133,-0.7235879302024841,0.6343439221382141
93,320,240,0.8999999761581421,0.06666401028633118,-0.2634928822517395,-0.7236120700836182,0.6344391107559204
94,320,240,0.8999999761581421,0.06640005111694336,-0.26326143741607666,-0.7236363291740417,0.6345351934432983
95,320,240,0.8999999761581421,0.06613332033157349,-0.2630274295806885,-0.7236607670783997,0.6346322298049927
96,320,240,0.8999999761581421,0.06586366891860962,-0.2627910375595093,-0.7236853241920471,0.6347301602363586
97,320,240,0.8999999761581421,0.0655912458896637,-0.26255208253860474,-0.7237101197242737,0.634829044342041
98,320,240,0.8999999761581421,0.06531596183776855,-0.2623105049133301,-0.723734974861145,0.6349289417266846
99,320,240,0.8999999761581421,0.0650378167629242,-0.2620666027069092,-0.7237600684165955,0.635029673576355
100,320,240,0.8999999761581421,0.06475690007209778,-0.26182007789611816,-0.7237852215766907,0.6351312398910522
101,320,240,0.8999999761581421,0.06447318196296692,-0.26157110929489136,-0.7238105535507202,0.6352338790893555
102,320,240,0.8999999761581421,0.06418672204017639,-0.2613195776939392,-0.7238360047340393,0.6353373527526855
103,320,240,0.8999999761581421,0.06389737129211426,-0.26106560230255127,-0.7238616347312927,0.635441780090332
104,320,240,0.8999999761581421,0.0636051595211029,-0.2608090937137604,-0.7238873243331909,0.6355471611022949
105,320,240,0.8999999761581421,0.0633101761341095,-0.26055020093917847,-0.7239131927490234,0.6356532573699951
106,320,240,0.8999999761581421,0.06301239132881165,-0.2602885961532593,-0.7239391803741455,0.6357604265213013
107,320,240,0.8999999761581421,0.06271171569824219,-0.2600245475769043,-0.7239653468132019,0.635868489742279
108,320,240,0.8999999761581421,0.062408238649368286,-0.2597580552101135,-0.7239915132522583,0.6359773874282837
109,320,240,0.8999999761581421,0.06210196018218994,-0.25948894023895264,-0.724017858505249,0.6360872983932495
110,320,240,0.8999999761581421,0.061792850494384766,-0.25921738147735596,-0.7240443229675293,0.6361980438232422
111,320,240,0.8999999761581421,0.06148090958595276,-0.25894325971603394,-0.7240708470344543,0.6363096237182617
112,320,240,0.8999999761581421,0.061166226863861084,-0.25866666436195374,-0.724097490310669,0.6364220380783081
113,320,240,0.8999999761581421,0.060848623514175415,-0.2583875358104706,-0.7241243124008179,0.6365354061126709
114,320,240,0.8999999761581421,0.060528308153152466,-0.2581058740615845,-0.7241511344909668,0.6366497278213501
115,320,240,0.8999999761581421,0.06020510196685791,-0.2578217387199402,-0.7241780757904053,0.6367648243904114
116,320,240,0.8999999761581421,0.059879034757614136,-0.25753504037857056,-0.7242050766944885,0.6368808746337891
117,320,240,0.8999999761581421,0.059550195932388306,-0.2572457194328308,-0.7242321968078613,0.6369976997375488
118,320,240,0.8999999761581421,0.05921846628189087,-0.25695401430130005,-0.7242594361305237,0.637115478515625
119,320,240,0.8999999761581421,0.05888396501541138,-0.25665974617004395,-0.7242867350578308,0.637234091758728
120,320,240,0.8999999761581421,0.05854666233062744,-0.2563629746437073,-0.7243140339851379,0.6373535394668579
121,320,240,0.8999999761581421,0.05820655822753906,-0.25606364011764526,-0.7243413925170898,0.6374738216400146
122,320,240,0.8999999761581421,0.05786356329917908,-0.2557617425918579,-0.7243689298629761,0.6375950574874878
123,320,240,0.8999999761581421,0.05751773715019226,-0.2554572820663452,-0.7243964672088623,0.6377170085906982
124,320,240,0.8999999761581421,0.05716907978057861,-0.25515037775039673,-0.7244240641593933,0.6378399133682251
125,320,240,0.8999999761581421,0.056817591190338135,-0.2548409104347229,-0.7244517207145691,0.6379636526107788
126,320,240,0.8999999761581421,0.0564633309841156,-0.2545289099216461,-0.7244794368743896,0.6380882263183594
127,320,240,0.8999999761581421,0.05610617995262146,-0.2542143166065216,-0.7245070934295654,0.6382136344909668
128,320,240,0.8999999761581421,0.055746257305145264,-0.2538973093032837,-0.7245349287986755,0.6383397579193115
129,320,240,0.8999999761581421,0.055383533239364624,-0.2535776197910309,-0.7245627641677856,0.6384668350219727
130,320,240,0.8999999761581421,0.05501800775527954,-0.2532555162906647,-0.7245906591415405,0.6385946869850159
131,320,240,0.8999999761581421,0.05464959144592285,-0.25293076038360596,-0.7246184945106506,0.6387233734130859
132,320,240,0.8999999761581421,0.054278284311294556,-0.2526034712791443,-0.7246463894844055,0.6388528347015381
133,320,240,0.8999999761581421,0.05390423536300659,-0.2522737383842468,-0.7246742844581604,0.6389831900596619
134,320,240,0.8999999761581421,0.05352732539176941,-0.25194138288497925,-0.7247022390365601,0.639114260673523
135,320,240,0.8999999761581421,0.05314764380455017,-0.25160640478134155,-0.7247301936149597,0.6392462253570557
136,320,240,0.8999999761581421,0.052765101194381714,-0.2512689232826233,-0.7247581481933594,0.6393789052963257
137,320,240,0.8999999761581421,0.052379727363586426,-0.25092899799346924,-0.724786102771759,0.6395124197006226
138,320,240,0.8999999761581421,0.05199152231216431,-0.2505864202976227,-0.7248140573501587,0.6396467685699463
139,320,240,0.8999999761581421,0.05160054564476013,-0.25024136900901794,-0.7248419523239136,0.6397818326950073
140,320,240,0.8999999761581421,0.05120664834976196,-0.24989372491836548,-0.7248699069023132,0.6399176716804504
141,320,240,0.8999999761581421,0.05080997943878174,-0.2495434582233429,-0.7248978614807129,0.6400543451309204
142,320,240,0.8999999761581421,0.05041047930717468,-0.24919067323207855,-0.724925696849823,0.6401917934417725
143,320,240,0.8999999761581421,0.05000811815261841,-0.2488352656364441,-0.7249535918235779,0.6403300166130066
144,320,240,0.8999999761581421,0.0496029257774353,-0.24847741425037384,-0.724981427192688,0.640468955039978
145,320,240,0.8999999761581421,0.049194902181625366,-0.24811691045761108,-0.7250092029571533,0.6406087875366211
146,320,240,0.8999999761581421,0.048784106969833374,-0.24775390326976776,-0.7250369787216187,0.6407492160797119
147,320,240,0.8999999761581421,0.04837048053741455,-0.24738824367523193,-0.7250646948814392,0.6408904790878296
148,320,240,0.8999999761581421,0.04795399308204651,-0.24702014029026031,-0.725092351436615,0.6410324573516846
149,320,240,0.8999999761581421,0.047534674406051636,-0.24664942920207977,-0.725119948387146,0.6411751508712769
150,320,240,0.8999999761581421,0.047112494707107544,-0.24627605080604553,-0.7251474857330322,0.641318678855896
151,320,240,0.8999999761581421,0.04668751358985901,-0.2459002286195755,-0.7251750230789185,0.6414628028869629
152,320,240,0.8999999761581421,0.046259671449661255,-0.24552173912525177,-0.7252024412155151,0.6416077613830566
153,320,240,0.8999999761581421,0.045829057693481445,-0.24514071643352509,-0.7252297401428223,0.6417534947395325
154,320,240,0.8999999761581421,0.04539558291435242,-0.2447570562362671,-0.7252570390701294,0.6418999433517456
155,320,240,0.8999999761581421,0.04495927691459656,-0.2443709671497345,-0.725284218788147,0.6420469284057617
156,320,240,0.8999999761581421,0.044520169496536255,-0.24398215115070343,-0.7253113389015198,0.6421948671340942
157,320,240,0.8999999761581421,0.04407820105552673,-0.243590846657753,-0.7253382802009583,0.6423434019088745
158,320,240,0.8999999761581421,0.04363343119621277,-0.24319688975811005,-0.725365161895752,0.6424926519393921
159,320,240,0.8999999761581421,0.0431857705116272,-0.2428002804517746,-0.7253919243812561,0.642642617225647
160,320,240,0.8999999761581421,0.04273533821105957,-0.2424011528491974,-0.7254186868667603,0.6427932977676392
161,320,240,0.8999999761581421,0.04228201508522034,-0.24199950695037842,-0.7254452109336853,0.6429445743560791
162,320,240,0.8999999761581421,0.04182589054107666,-0.24159516394138336,-0.7254716753959656,0.6430966258049011
163,320,240,0.8999999761581421,0.04136696457862854,-0.24118830263614655,-0.7254979610443115,0.6432493925094604
164,320,240,0.8999999761581421,0.0409051775932312,-0.2407788336277008,-0.7255241870880127,0.6434027552604675
165,320,240,0.8999999761581421,0.040440529584884644,-0.24036678671836853,-0.7255501747131348,0.6435568332672119
166,320,240,0.8999999761581421,0.03997313976287842,-0.2399521768093109,-0.7255761623382568,0.6437114477157593
167,320,240,0.8999999761581421,0.0395028293132782,-0.2395349144935608,-0.725601851940155,0.643866777420044
168,320,240,0.8999999761581421,0.03902968764305115,-0.23911496996879578,-0.7256274223327637,0.6440229415893555
169,320,240,0.8999999761581421,0.03855374455451965,-0.238692507147789,-0.7256528735160828,0.6441795825958252
170,320,240,0.8999999761581421,0.03807494044303894,-0.2382674366235733,-0.7256782054901123,0.6443369388580322
171,320,240,0.8999999761581421,0.03759336471557617,-0.2378397285938263,-0.725703239440918,0.6444950103759766
172,320,240,0.8999999761581421,0.0371088981628418,-0.23740945756435394,-0.7257282137870789,0.6446536183357239
173,320,240,0.8999999761581421,0.03662160038948059,-0.23697662353515625,-0.7257529497146606,0.644812822341919
174,320,240,0.8999999761581421,0.03613153100013733,-0.23654113709926605,-0.7257775068283081,0.6449726819992065
175,320,240,0.8999999761581421,0.035638630390167236,-0.23610301315784454,-0.725801944732666,0.6451331973075867
176,320,240,0.8999999761581421,0.03514283895492554,-0.2356622815132141,-0.7258260846138,0.6452943086624146
177,320,240,0.8999999761581421,0.03464415669441223,-0.23521888256072998,-0.7258500456809998,0.645456075668335
178,320,240,0.8999999761581421,0.03414267301559448,-0.23477298021316528,-0.7258738279342651,0.6456184387207031
179,320,240,0.8999999761581421,0.03363841772079468,-0.2343243658542633,-0.7258973121643066,0.645781397819519
180,320,240,0.8999999761581421,0.033131301403045654,-0.2338731437921524,-0.7259206771850586,0.6459449529647827
181,320,240,0.8999999761581421,0.0326213538646698,-0.2334192544221878,-0.7259438037872314,0.6461091041564941
182,320,240,0.8999999761581421,0.032108575105667114,-0.23296292126178741,-0.7259666323661804,0.6462737321853638
183,320,240,0.8999999761581421,0.03159302473068237,-0.23250381648540497,-0.7259892225265503,0.6464391350746155
184,320,240,0.8999999761581421,0.031074583530426025,-0.23204219341278076,-0.7260116338729858,0.6466049551963806
185,320,240,0.8999999761581421,0.03055325150489807,-0.23157785832881927,-0.7260337471961975,0.6467714309692383
186,320,240,0.8999999761581421,0.03002917766571045,-0.2311108410358429,-0.7260556221008301,0.6469383835792542
187,320,240,0.8999999761581421,0.02950221300125122,-0.23064130544662476,-0.7260771989822388,0.6471059322357178
188,320,240,0.8999999761581421,0.028972387313842773,-0.23016908764839172,-0.7260985374450684,0.6472740769386292
189,320,240,0.8999999761581421,0.028439819812774658,-0.2296942174434662,-0.7261196374893188,0.6474427580833435
190,320,240,0.8999999761581421,0.027904272079467773,-0.22921669483184814,-0.7261403799057007,0.6476119756698608
191,320,240,0.8999999761581421,0.027366071939468384,-0.22873665392398834,-0.7261608839035034,0.6477816104888916
192,320,240,0.8999999761581421,0.026824921369552612,-0.22825387120246887,-0.7261810302734375,0.6479519605636597
193,320,240,0.8999999761581421,0.02628093957901001,-0.22776839137077332,-0.7262009382247925,0.6481227278709412
194,320,240,0.8999999761581421,0.025734156370162964,-0.22728033363819122,-0.7262205481529236,0.6482940912246704
195,320,240,0.8999999761581421,0.025184541940689087,-0.22678959369659424,-0.726239800453186,0.6484658718109131
196,320,240,0.8999999761581421,0.02463206648826599,-0.22629626095294952,-0.7262587547302246,0.6486382484436035
197,320,240,0.8999999761581421,0.024076789617538452,-0.2258002758026123,-0.7262773513793945,0.6488109827041626
198,320,240,0.8999999761581421,0.023518681526184082,-0.225301593542099,-0.7262957096099854,0.6489843726158142
199,320,240,0.8999999761581421,0.022957682609558105,-0.22480034828186035,-0.726313591003418,0.6491581797599792
200,320,240,0.8999999761581421,0.02239394187927246,-0.22429636120796204,-0.7263312339782715,0.6493324637413025
201,320,240,0.8999999761581421,0.021827340126037598,-0.223789781332016,-0.7263484001159668,0.6495072245597839
202,320,240,0.8999999761581421,0.02125781774520874,-0.22328048944473267,-0.7263653874397278,0.6496824622154236
203,320,240,0.8999999761581421,0.020685553550720215,-0.22276854515075684,-0.7263818383216858,0.6498581767082214
204,320,240,0.8999999761581421,0.02011042833328247,-0.2222539484500885,-0.7263979911804199,0.6500343680381775
205,320,240,0.8999999761581421,0.019532471895217896,-0.22173672914505005,-0.7264137864112854,0.650210976600647
206,320,240,0.8999999761581421,0.01895168423652649,-0.22121673822402954,-0.7264291644096375,0.6503881216049194
207,320,240,0.8999999761581421,0.01836809515953064,-0.2206941545009613,-0.7264442443847656,0.6505656242370605
208,320,240,0.8999999761581421,0.01778164505958557,-0.22016888856887817,-0.726458728313446,0.6507436037063599
209,320,240,0.8999999761581421,0.01719239354133606,-0.21964100003242493,-0.7264729738235474,0.6509219408035278
210,320,240,0.8999999761581421,0.016600310802459717,-0.21911045908927917,-0.7264866828918457,0.6511006951332092
211,320,240,0.8999999761581421,0.01600530743598938,-0.21857717633247375,-0.7265000343322754,0.6512799263000488
212,320,240,0.8999999761581421,0.015407562255859375,-0.21804121136665344,-0.7265130281448364,0.6514595746994019
213,320,240,0.8999999761581421,0.014806896448135376,-0.21750253438949585,-0.7265254855155945,0.6516395807266235
214,320,240,0.8999999761581421,0.014203548431396484,-0.2169613242149353,-0.7265375256538391,0.6518200039863586
215,320,240,0.8999999761581421,0.013597279787063599,-0.21641722321510315,-0.7265491485595703,0.652000904083252
216,320,240,0.8999999761581421,0.01298820972442627,-0.21587064862251282,-0.7265602350234985,0.6521819829940796
217,320,240,0.8999999761581421,0.01237630844116211,-0.21532124280929565,-0.7265709638595581,0.6523635983467102
218,320,240,0.8999999761581421,0.011761605739593506,-0.21476927399635315,-0.7265812158584595,0.6525455713272095
219,320,240,0.8999999761581421,0.011144012212753296,-0.21421459317207336,-0.7265908718109131,0.6527278423309326
220,320,240,0.8999999761581421,0.010523557662963867,-0.21365711092948914,-0.726600170135498,0.6529105305671692
221,320,240,0.8999999761581421,0.00990036129951477,-0.21309703588485718,-0.72660893201828,0.6530935764312744
222,320,240,0.8999999761581421,0.009274274110794067,-0.21253424882888794,-0.726617157459259,0.6532769203186035
223,320,240,0.8999999761581421,0.008645385503768921,-0.2119687795639038,-0.7266249060630798,0.6534605026245117
224,320,240,0.8999999761581421,0.008013665676116943,-0.21140056848526,-0.7266321778297424,0.6536446809768677
225,320,240,0.8999999761581421,0.00737917423248291,-0.21082976460456848,-0.726638913154602,0.6538289785385132
226,320,240,0.8999999761581421,0.0067417919635772705,-0.2102561891078949,-0.7266451120376587,0.6540136337280273
227,320,240,0.8999999761581421,0.006101697683334351,-0.20967993140220642,-0.7266507148742676,0.6541986465454102
228,320,240,0.8999999761581421,0.005458652973175049,-0.20910096168518066,-0.7266558408737183,0.6543838977813721
229,320,240,0.8999999761581421,0.004812836647033691,-0.20851916074752808,-0.7266603708267212,0.6545695662498474
230,320,240,0.8999999761581421,0.004164069890975952,-0.20793485641479492,-0.7266644239425659,0.6547553539276123
231,320,240,0.8999999761581421,0.0035125911235809326,-0.20734766125679016,-0.7266678810119629,0.6549415588378906
232,320,240,0.8999999761581421,0.0028583109378814697,-0.20675796270370483,-0.7266707420349121,0.655128002166748
233,320,240,0.8999999761581421,0.002201169729232788,-0.2061653435230255,-0.7266730070114136,0.6553148031234741
234,320,240,0.8999999761581421,0.0015412867069244385,-0.20557022094726562,-0.7266747355461121,0.6555016040802002
235,320,240,0.8999999761581421,0.0008784830570220947,-0.20497223734855652,-0.7266758680343628,0.6556888818740845
236,320,240,0.8999999761581421,0.000212937593460083,-0.2043716311454773,-0.726676344871521,0.6558762788772583
237,320,240,0.8999999761581421,-0.00045543909072875977,-0.20376822352409363,-0.7266762256622314,0.6560640335083008
238,320,240,0.8999999761581421,-0.0011267364025115967,-0.20316213369369507,-0.7266754508018494,0.6562520265579224
239,320,240,0.8999999761581421,-0.0018007457256317139,-0.20255336165428162,-0.7266740798950195,0.6564401388168335
240,320,240,0.8999999761581421,-0.002477705478668213,-0.20194175839424133,-0.7266721725463867,0.6566285490989685
241,320,240,0.8999999761581421,-0.0031573474407196045,-0.20132750272750854,-0.7266694903373718,0.6568171977996826
242,320,240,0.8999999761581421,-0.0038398802280426025,-0.20071053504943848,-0.7266662120819092,0.6570059061050415
243,320,240,0.8999999761581421,-0.0045251548290252686,-0.20009082555770874,-0.726662278175354,0.657194972038269
244,320,240,0.8999999761581421,-0.005213320255279541,-0.19946840405464172,-0.7266576290130615,0.6573840975761414
245,320,240,0.8999999761581421,-0.005904257297515869,-0.19884321093559265,-0.7266523838043213,0.6575735211372375
246,320,240,0.8999999761581421,-0.006597995758056641,-0.1982153356075287,-0.7266464233398438,0.6577630043029785
247,320,240,0.8999999761581421,-0.007294595241546631,-0.1975846290588379,-0.7266397476196289,0.6579527258872986
248,320,240,0.8999999761581421,-0.007994025945663452,-0.19695129990577698,-0.7266323566436768,0.6581425666809082
249,320,240,0.8999999761581421,-0.008696228265762329,-0.19631510972976685,-0.7266243100166321,0.6583327054977417
250,320,240,0.8999999761581421,-0.00940123200416565,-0.1956762969493866,-0.7266155481338501,0.6585228443145752
251,320,240,0.8999999761581421,-0.0101090669631958,-0.1950346827507019,-0.726606011390686,0.6587131023406982
252,320,240,0.8999999761581421,-0.010819673538208008,-0.19439038634300232,-0.7265957593917847,0.6589035391807556
253,320,240,0.8999999761581421,-0.011533111333847046,-0.1937432885169983,-0.726584792137146,0.6590940952301025
254,320,240,0.8999999761581421,-0.012249380350112915,-0.19309353828430176,-0.72657310962677,0.6592848300933838
255,320,240,0.8999999761581421,-0.012968450784683228,-0.192440927028656,-0.726560652256012,0.659475564956665
256,320,240,0.8999999761581421,-0.013690322637557983,-0.1917855441570282,-0.726547360420227,0.6596664190292358
257,320,240,0.8999999761581421,-0.01441502571105957,-0.1911274790763855,-0.7265334129333496,0.6598573923110962
258,320,240,0.8999999761581421,-0.0151425302028656,-0.19046667218208313,-0.7265186309814453,0.6600484848022461
259,320,240,0.8999999761581421,-0.0158727765083313,-0.1898031234741211,-0.7265029549598694,0.660239577293396
260,320,240,0.8999999761581421,-0.01660594344139099,-0.18913674354553223,-0.7264865636825562,0.6604307889938354
261,320,240,0.8999999761581421,-0.0173417329788208,-0.18846768140792847,-0.7264693975448608,0.6606220006942749
262,320,240,0.8999999761581421,-0.01808050274848938,-0.18779581785202026,-0.7264513969421387,0.6608133316040039
263,320,240,0.8999999761581421,-0.01882198452949524,-0.18712124228477478,-0.7264325618743896,0.6610046625137329
264,320,240,0.8999999761581421,-0.019566237926483154,-0.18644380569458008,-0.7264128923416138,0.6611961126327515
265,320,240,0.8999999761581421,-0.020313352346420288,-0.18576377630233765,-0.726392388343811,0.6613874435424805
266,320,240,0.8999999761581421,-0.021063238382339478,-0.1850808560848236,-0.7263710498809814,0.6615787744522095
267,320,240,0.8999999761581421,-0.02181592583656311,-0.1843952238559723,-0.7263487577438354,0.6617703437805176
268,320,240,0.8999999761581421,-0.022571444511413574,-0.18370676040649414,-0.7263256907463074,0.6619617342948914
269,320,240,0.8999999761581421,-0.023329734802246094,-0.18301555514335632,-0.7263017892837524,0.6621532440185547
270,320,240,0.8999999761581421,-0.02409079670906067,-0.18232157826423645,-0.7262768745422363,0.6623445749282837
271,320,240,0.8999999761581421,-0.024854660034179688,-0.1816248893737793,-0.7262511849403381,0.6625359654426575
272,320,240,0.8999999761581421,-0.02562132477760315,-0.18092530965805054,-0.7262245416641235,0.6627273559570312
273,320,240,0.8999999761581421,-0.026390790939331055,-0.18022307753562927,-0.7261970043182373,0.6629186272621155
274,320,240,0.8999999761581421,-0.027162998914718628,-0.1795179545879364,-0.7261685132980347,0.6631100177764893
275,320,240,0.8999999761581421,-0.027938008308410645,-0.17881017923355103,-0.7261391282081604,0.6633011102676392
276,320,240,0.8999999761581421,-0.028715819120407104,-0.17809954285621643,-0.7261087894439697,0.6634923219680786
277,320,240,0.8999999761581421,-0.02949640154838562,-0.1773861050605774,-0.7260774374008179,0.6636835336685181
278,320,240,0.8999999761581421,-0.03027978539466858,-0.1766698956489563,-0.7260451912879944,0.6638745069503784
279,320,240,0.8999999761581421,-0.03106597065925598,-0.17595094442367554,-0.7260119915008545,0.6640653610229492
280,320,240,0.8999999761581421,-0.03185492753982544,-0.17522916197776794,-0.7259777784347534,0.66425621509552
281,320,240,0.8999999761581421,-0.03264665603637695,-0.17450472712516785,-0.7259426116943359,0.6644468903541565
282,320,240,0.8999999761581421,-0.03344115614891052,-0.17377743124961853,-0.725906491279602,0.6646374464035034
283,320,240,0.8999999761581421,-0.03423842787742615,-0.1730472445487976,-0.7258692979812622,0.6648279428482056
284,320,240,0.8999999761581421,-0.03503841161727905,-0.17231443524360657,-0.725831151008606,0.6650182008743286
285,320,240,0.8999999761581421,-0.035841286182403564,-0.17157873511314392,-0.7257919311523438,0.6652084589004517
286,320,240,0.8999999761581421,-0.036646872758865356,-0.17084020376205444,-0.7257516980171204,0.6653984785079956
287,320,240,0.8999999761581421,-0.037455230951309204,-0.1700989305973053,-0.725710391998291,0.66558837890625
288,320,240,0.8999999761581421,-0.038266390562057495,-0.16935482621192932,-0.7256680727005005,0.6657781600952148
289,320,240,0.8999999761581421,-0.03908035159111023,-0.16860798001289368,-0.725624680519104,0.665967583656311
290,320,240,0.8999999761581421,-0.03989696502685547,-0.1678583025932312,-0.7255802750587463,0.6661569476127625
291,320,240,0.8999999761581421,-0.04071643948554993,-0.16710591316223145,-0.7255347371101379,0.6663460731506348
292,320,240,0.8999999761581421,-0.041538625955581665,-0.16635063290596008,-0.7254881858825684,0.6665350198745728
293,320,240,0.8999999761581421,-0.04236355423927307,-0.16559255123138428,-0.7254404425621033,0.6667237281799316
294,320,240,0.8999999761581421,-0.043191343545913696,-0.16483166813850403,-0.7253916263580322,0.666912317276001
295,320,240,0.8999999761581421,-0.04402187466621399,-0.16406795382499695,-0.7253416776657104,0.6671006679534912
296,320,240,0.8999999761581421,-0.04485505819320679,-0.1633014678955078,-0.7252906560897827,0.6672886610031128
297,320,240,0.8999999761581421,-0.045691102743148804,-0.16253218054771423,-0.7252384424209595,0.6674764156341553
298,320,240,0.8999999761581421,-0.0465298593044281,-0.1617601215839386,-0.7251851558685303,0.6676639318466187
299,320,240,0.8999999761581421,-0.04737132787704468,-0.16098523139953613,-0.7251306772232056,0.6678512096405029
300,320,240,0.8999999761581421,-0.048215657472610474,-0.1602075695991516,-0.7250750064849854,0.6680382490158081
301,320,240,0.8999999761581421,-0.049062579870224,-0.15942704677581787,-0.7250181436538696,0.6682249307632446
302,320,240,0.8999999761581421,-0.04991236329078674,-0.1586436629295349,-0.724960207939148,0.668411374092102
303,320,240,0.8999999761581421,-0.05076485872268677,-0.15785753726959229,-0.7249009609222412,0.6685974597930908
304,320,240,0.8999999761581421,-0.05162012577056885,-0.15706855058670044,-0.7248405814170837,0.6687831878662109
305,320,240,0.8999999761581421,-0.052478134632110596,-0.1562768518924713,-0.7247788906097412,0.668968677520752
306,320,240,0.8999999761581421,-0.053338825702667236,-0.15548217296600342,-0.7247161269187927,0.6691538095474243
307,320,240,0.8999999761581421,-0.05420231819152832,-0.15468478202819824,-0.7246520519256592,0.669338583946228
308,320,240,0.8999999761581421,-0.05506846308708191,-0.153884619474411,-0.7245867252349854,0.6695230007171631
309,320,240,0.8999999761581421,-0.05593740940093994,-0.15308156609535217,-0.724520206451416,0.6697070598602295
310,320,240,0.8999999761581421,-0.05680900812149048,-0.1522757112979889,-0.7244523763656616,0.6698907613754272
311,320,240,0.8999999761581421,-0.057683467864990234,-0.15146711468696594,-0.7243832349777222,0.6700741052627563
312,320,240,0.8999999761581421,-0.05856052041053772,-0.15065550804138184,-0.7243129014968872,0.6702569723129272
313,320,240,0.8999999761581421,-0.059440433979034424,-0.14984115958213806,-0.7242412567138672,0.6704395413398743
314,320,240,0.8999999761581421,-0.06032299995422363,-0.14902397990226746,-0.7241683006286621,0.6706216335296631
315,320,240,0.8999999761581421,-0.06120830774307251,-0.1482039988040924,-0.7240939140319824,0.6708033084869385
316,320,240,0.8999999761581421,-0.06209626793861389,-0.1473812460899353,-0.7240183353424072,0.6709846258163452
317,320,240,0.8999999761581421,-0.06298694014549255,-0.14655563235282898,-0.723941445350647,0.6711653470993042
318,320,240,0.8999999761581421,-0.06388044357299805,-0.14572718739509583,-0.7238631248474121,0.6713457703590393
319,320,240,0.8999999761581421,-0.06477653980255127,-0.14489585161209106,-0.7237834930419922,0.6715257167816162
320,320,240,0.8999999761581421,-0.06567537784576416,-0.1440618634223938,-0.7237024307250977,0.6717050671577454
321,320,240,0.8999999761581421,-0.06657695770263672,-0.143224835395813,-0.7236201167106628,0.6718841195106506
322,320,240,0.8999999761581421,-0.06748121976852417,-0.14238503575325012,-0.7235362529754639,0.6720625162124634
323,320,240,0.8999999761581421,-0.06838822364807129,-0.1415424644947052,-0.7234511375427246,0.6722405552864075
324,320,240,0.8999999761581421,-0.0692979097366333,-0.14069697260856628,-0.7233645915985107,0.6724179983139038
325,320,240,0.8999999761581421,-0.07021018862724304,-0.1398487389087677,-0.7232766151428223,0.6725949048995972
326,320,240,0.8999999761581421,-0.071125328540802,-0.13899767398834229,-0.7231871485710144,0.6727712750434875
327,320,240,0.8999999761581421,-0.07204300165176392,-0.13814371824264526,-0.7230963706970215,0.672947108745575
328,320,240,0.8999999761581421,-0.07296344637870789,-0.1372869610786438,-0.7230040431022644,0.6731224060058594
329,320,240,0.8999999761581421,-0.07388660311698914,-0.13642734289169312,-0.7229102849960327,0.6732971668243408
330,320,240,0.8999999761581421,-0.07481241226196289,-0.1355648934841156,-0.7228150367736816,0.6734713315963745
331,320,240,0.8999999761581421,-0.0757409930229187,-0.13469961285591125,-0.722718358039856,0.6736449599266052
332,320,240,0.8999999761581421,-0.07667210698127747,-0.13383141160011292,-0.7226201295852661,0.6738179922103882
333,320,240,0.8999999761581421,-0.07760599255561829,-0.1329604983329773,-0.7225204706192017,0.6739903688430786
334,320,240,0.8999999761581421,-0.07854250073432922,-0.13208672404289246,-0.722419261932373,0.6741621494293213
335,320,240,0.8999999761581421,-0.07948172092437744,-0.13121002912521362,-0.722316563129425,0.674333393573761
336,320,240,0.8999999761581421,-0.08042353391647339,-0.1303306221961975,-0.7222122550010681,0.6745038628578186
337,320,240,0.8999999761581421,-0.08136805891990662,-0.12944835424423218,-0.7221064567565918,0.6746736764907837
338,320,240,0.8999999761581421,-0.08231532573699951,-0.12856316566467285,-0.7219991087913513,0.6748430132865906
339,320,240,0.8999999761581421,-0.08326518535614014,-0.12767517566680908,-0.7218901515007019,0.6750115752220154
340,320,240,0.8999999761581421,-0.08421772718429565,-0.1267842948436737,-0.7217797040939331,0.6751794815063477
341,320,240,0.8999999761581421,-0.08517283201217651,-0.1258906126022339,-0.7216675877571106,0.6753466129302979
342,320,240,0.8999999761581421,-0.08613061904907227,-0.12499400973320007,-0.7215539216995239,0.6755131483078003
343,320,240,0.8999999761581421,-0.08709114789962769,-0.12409472465515137,-0.7214385867118835,0.6756789684295654
344,320,240,0.8999999761581421,-0.08805429935455322,-0.12319251894950867,-0.721321702003479,0.6758440732955933
345,320,240,0.8999999761581421,-0.08901998400688171,-0.12228745222091675,-0.7212031483650208,0.6760083436965942
346,320,240,0.8999999761581421,-0.08998841047286987,-0.12137961387634277,-0.7210829257965088,0.6761720180511475
347,320,240,0.8999999761581421,-0.09095942974090576,-0.1204688549041748,-0.7209610939025879,0.676334798336029
348,320,240,0.8999999761581421,-0.09193307161331177,-0.11955520510673523,-0.7208375930786133,0.6764969229698181
349,320,240,0.8999999761581421,-0.09290939569473267,-0.11863881349563599,-0.7207123637199402,0.6766582727432251
350,320,240,0.8999999761581421,-0.09388825297355652,-0.11771947145462036,-0.7205855250358582,0.6768187284469604
351,320,240,0.8999999761581421,-0.09486985206604004,-0.11679744720458984,-0.7204569578170776,0.6769785284996033
352,320,240,0.8999999761581421,-0.0958540141582489,-0.11587244272232056,-0.7203266620635986,0.6771374940872192
353,320,240,0.8999999761581421,-0.09684079885482788,-0.1149446964263916,-0.7201946973800659,0.6772955656051636
354,320,240,0.8999999761581421,-0.0978301465511322,-0.11401399970054626,-0.7200609445571899,0.677452802658081
355,320,240,0.8999999761581421,-0.09882208704948425,-0.11308056116104126,-0.7199255228042603,0.6776092052459717
356,320,240,0.8999999761581421,-0.09981676936149597,-0.11214420199394226,-0.7197881937026978,0.677764892578125
357,320,240,0.8999999761581421,-0.10081395506858826,-0.11120501160621643,-0.7196493148803711,0.6779196262359619
358,320,240,0.8999999761581421,-0.10181376338005066,-0.11026298999786377,-0.7195084691047668,0.6780734062194824
359,320,240,0.8999999761581421,-0.10281622409820557,-0.10931804776191711,-0.7193659543991089,0.6782264709472656
360,320,240,0.8999999761581421,-0.10382112860679626,-0.10837036371231079,-0.7192215919494629,0.6783784627914429
361,320,240,0.8999999761581421,-0.10482874512672424,-0.10741984844207764,-0.7190753817558289,0.6785296201705933
362,320,240,0.8999999761581421,-0.10583889484405518,-0.10646641254425049,-0.7189274430274963,0.6786799430847168
363,320,240,0.8999999761581421,-0.10685163736343384,-0.10551014542579651,-0.7187775373458862,0.6788292527198792
364,320,240,0.8999999761581421,-0.10786694288253784,-0.10455107688903809,-0.7186259031295776,0.6789776086807251
365,320,240,0.8999999761581421,-0.10888484120368958,-0.10358914732933044,-0.7184723615646362,0.6791249513626099
366,320,240,0.8999999761581421,-0.10990533232688904,-0.10262429714202881,-0.7183169722557068,0.6792715787887573
367,320,240,0.8999999761581421,-0.11092832684516907,-0.10165673494338989,-0.7181597352027893,0.6794168949127197
368,320,240,0.8999999761581421,-0.11195400357246399,-0.10068619251251221,-0.718000590801239,0.6795614957809448
369,320,240,0.8999999761581421,-0.11298209428787231,-0.09971290826797485,-0.7178394794464111,0.6797049641609192
370,320,240,0.8999999761581421,-0.11401283740997314,-0.09873676300048828,-0.7176765203475952,0.6798474788665771
371,320,240,0.8999999761581421,-0.11504608392715454,-0.09775766730308533,-0.7175116539001465,0.6799889802932739
372,320,240,0.8999999761581421,-0.11608180403709412,-0.09677588939666748,-0.7173447608947754,0.6801294088363647
373,320,240,0.8999999761581421,-0.11712020635604858,-0.09579122066497803,-0.7171759605407715,0.6802687644958496
374,320,240,0.8999999761581421,-0.11816108226776123,-0.09480369091033936,-0.71700519323349,0.6804070472717285
375,320,240,0.8999999761581421,-0.11920452117919922,-0.09381327033042908,-0.7168323993682861,0.680544376373291
376,320,240,0.8999999761581421,-0.12025046348571777,-0.09282010793685913,-0.7166577577590942,0.680680513381958
377,320,240,0.8999999761581421,-0.12129893898963928,-0.09182402491569519,-0.71648108959198,0.680815577507019
378,320,240,0.8999999761581421,-0.12234994769096375,-0.09082511067390442,-0.7163022756576538,0.6809496879577637
379,320,240,0.8999999761581421,-0.12340337038040161,-0.08982336521148682,-0.7161216139793396,0.6810824275016785
380,320,240,0.8999999761581421,-0.12445938587188721,-0.08881878852844238,-0.7159388661384583,0.6812140941619873
381,320,240,0.8999999761581421,-0.12551793456077576,-0.08781149983406067,-0.7157540321350098,0.681344747543335
382,320,240,0.8999999761581421,-0.1265789270401001,-0.08680117130279541,-0.7155671715736389,0.6814741492271423
383,320,240,0.8999999761581421,-0.1276424527168274,-0.08578813076019287,-0.7153782844543457,0.681602418422699
384,320,240,0.8999999761581421,-0.12870854139328003,-0.08477216958999634,-0.715187132358551,0.6817294955253601
385,320,240,0.8999999761581421,-0.12977701425552368,-0.08375340700149536,-0.7149940133094788,0.6818554401397705
386,320,240,0.8999999761581421,-0.1308479607105255,-0.08273181319236755,-0.7147988080978394,0.6819801330566406
387,320,240,0.8999999761581421,-0.1319214403629303,-0.08170744776725769,-0.7146015167236328,0.6821036338806152
388,320,240,0.8999999761581421,-0.13299739360809326,-0.08068022131919861,-0.7144020795822144,0.6822258830070496
389,320,240,0.8999999761581421,-0.13407579064369202,-0.07965010404586792,-0.714200496673584,0.6823469400405884
390,320,240,0.8999999761581421,-0.13515666127204895,-0.07861727476119995,-0.7139967083930969,0.6824667453765869
391,320,240,0.8999999761581421,-0.13624000549316406,-0.07758146524429321,-0.713790774345398,0.6825852394104004
392,320,240,0.8999999761581421,-0.13732585310935974,-0.0765429139137268,-0.7135826945304871,0.6827024221420288
393,320,240,0.8999999761581421,-0.13841408491134644,-0.07550150156021118,-0.7133723497390747,0.6828184127807617
394,320,240,0.8999999761581421,-0.13950476050376892,-0.0744573175907135,-0.7131599187850952,0.6829330921173096
395,320,240,0.8999999761581421,-0.14059793949127197,-0.07341021299362183,-0.7129451632499695,0.6830464005470276
396,320,240,0.8999999761581421,-0.14169344305992126,-0.0723603367805481,-0.7127282023429871,0.6831585168838501
397,320,240,0.8999999761581421,-0.1427914798259735,-0.0713077187538147,-0.712509036064148,0.6832691431045532
398,320,240,0.8999999761581421,-0.143891841173172,-0.0702521800994873,-0.7122876644134521,0.6833784580230713
399,320,240,0.8999999761581421,-0.14499467611312866,-0.06919386982917786,-0.7120640277862549,0.6834864020347595
400,320,240,0.8999999761581421,-0.1460999846458435,-0.06813263893127441,-0.7118380069732666,0.6835929751396179
401,320,240,0.8999999761581421,-0.14720770716667175,-0.06706875562667847,-0.7116097807884216,0.6836981773376465
402,320,240,0.8999999761581421,-0.14831778407096863,-0.06600198149681091,-0.7113792896270752,0.6838020086288452
403,320,240,0.8999999761581421,-0.14943021535873413,-0.06493228673934937,-0.711146354675293,0.6839044094085693
404,320,240,0.8999999761581421,-0.1505451202392578,-0.06385990977287292,-0.7109111547470093,0.6840053796768188
405,320,240,0.8999999761581421,-0.15166234970092773,-0.06278464198112488,-0.7106736898422241,0.6841049194335938
406,320,240,0.8999999761581421,-0.15278199315071106,-0.06170669198036194,-0.710433840751648,0.684203028678894
407,320,240,0.8999999761581421,-0.153903990983963,-0.060625821352005005,-0.7101916074752808,0.6842995882034302
408,320,240,0.8999999761581421,-0.15502828359603882,-0.05954211950302124,-0.7099470496177673,0.6843947768211365
409,320,240,0.8999999761581421,-0.15615513920783997,-0.05845564603805542,-0.7097000479698181,0.6844884157180786
410,320,240,0.8999999761581421,-0.15728425979614258,-0.057366371154785156,-0.7094506621360779,0.6845805644989014
411,320,240,0.8999999761581421,-0.15841570496559143,-0.05627432465553284,-0.7091989517211914,0.68467116355896
412,320,240,0.8999999761581421,-0.1595495641231537,-0.055179446935653687,-0.7089446783065796,0.684760332107544
413,320,240,0.8999999761581421,-0.16068565845489502,-0.054081737995147705,-0.7086880207061768,0.684847891330719
414,320,240,0.8999999761581421,-0.16182416677474976,-0.05298134684562683,-0.7084289789199829,0.6849339008331299
415,320,240,0.8999999761581421,-0.16296496987342834,-0.05187806487083435,-0.708167314529419,0.6850183010101318
416,320,240,0.8999999761581421,-0.16410812735557556,-0.05077207088470459,-0.7079033255577087,0.6851011514663696
417,320,240,0.8999999761581421,-0.16525354981422424,-0.04966318607330322,-0.707636833190918,0.6851824522018433
418,320,240,0.8999999761581421,-0.16640138626098633,-0.0485515296459198,-0.7073677778244019,0.685262143611908
419,320,240,0.8999999761581421,-0.16755148768424988,-0.04743710160255432,-0.7070962190628052,0.685340166091919
420,320,240,0.8999999761581421,-0.16870394349098206,-0.0463198721408844,-0.7068221569061279,0.685416579246521
421,320,240,0.8999999761581421,-0.16985857486724854,-0.045199841260910034,-0.7065455913543701,0.6854913830757141
422,320,240,0.8999999761581421,-0.17101559042930603,-0.044077128171920776,-0.7062664031982422,0.6855645179748535
423,320,240,0.8999999761581421,-0.17217481136322021,-0.042951613664627075,-0.7059847116470337,0.6856359243392944
424,320,240,0.8999999761581421,-0.17333632707595825,-0.04182326793670654,-0.7057003974914551,0.6857057213783264
425,320,240,0.8999999761581421,-0.17450007796287537,-0.04069212079048157,-0.7054135799407959,0.6857737302780151
426,320,240,0.8999999761581421,-0.17566609382629395,-0.03955826163291931,-0.7051241397857666,0.6858400702476501
427,320,240,0.8999999761581421,-0.17683446407318115,-0.03842160105705261,-0.7048319578170776,0.6859046816825867
428,320,240,0.8999999761581421,-0.17800503969192505,-0.037282198667526245,-0.7045372724533081,0.6859675645828247
429,320,240,0.8999999761581421,-0.17917779088020325,-0.036139994859695435,-0.7042399644851685,0.6860287189483643
430,320,240,0.8999999761581421,-0.18035286664962769,-0.034995079040527344,-0.7039399147033691,0.6860880255699158
431,320,240,0.8999999761581421,-0.18153008818626404,-0.03384733200073242,-0.7036373019218445,0.6861456632614136
432,320,240,0.8999999761581421,-0.18270960450172424,-0.03269690275192261,-0.7033319473266602,0.6862014532089233
433,320,240,0.8999999761581421,-0.18389126658439636,-0.031543731689453125,-0.7030239701271057,0.6862553358078003
434,320,240,0.8999999761581421,-0.18507513403892517,-0.030387789011001587,-0.702713131904602,0.6863075494766235
435,320,240,0.8999999761581421,-0.18626129627227783,-0.02922898530960083,-0.702399730682373,0.686357855796814
436,320,240,0.8999999761581421,-0.1874496191740036,-0.02806749939918518,-0.7020834684371948,0.6864063143730164
437,320,240,0.8999999761581421,-0.18864008784294128,-0.02690333127975464,-0.7017645835876465,0.6864529848098755
438,320,240,0.8999999761581421,-0.18983279168605804,-0.025736361742019653,-0.7014428377151489,0.686497688293457
439,320,240,0.8999999761581421,-0.19102762639522552,-0.024566680192947388,-0.7011184692382812,0.6865405440330505
440,320,240,0.8999999761581421,-0.1922246813774109,-0.023394227027893066,-0.7007911205291748,0.6865814924240112
441,320,240,0.8999999761581421,-0.19342373311519623,-0.02221912145614624,-0.7004611492156982,0.6866205334663391
442,320,240,0.8999999761581421,-0.1946251094341278,-0.02104124426841736,-0.7001283168792725,0.6866576671600342
443,320,240,0.8999999761581421,-0.19582852721214294,-0.019860565662384033,-0.6997926235198975,0.6866928339004517
444,320,240,0.8999999761581421,-0.19703420996665955,-0.018677234649658203,-0.699454128742218,0.6867259740829468
445,320,240,0.8999999761581421,-0.1982419192790985,-0.017491161823272705,-0.6991128325462341,0.6867572069168091
446,320,240,0.8999999761581421,-0.1994517594575882,-0.016302376985549927,-0.6987686157226562,0.6867865324020386
447,320,240,0.8999999761581421,-0.20066377520561218,-0.015110880136489868,-0.6984214782714844,0.6868137121200562
448,320,240,0.8999999761581421,-0.20187780261039734,-0.013916701078414917,-0.6980715990066528,0.6868389844894409
449,320,240,0.8999999761581421,-0.2030939757823944,-0.012719690799713135,-0.6977186799049377,0.6868622303009033
450,320,240,0.8999999761581421,-0.20431219041347504,-0.011520147323608398,-0.6973629593849182,0.6868833899497986
451,320,240,0.8999999761581421,-0.2055324912071228,-0.010317862033843994,-0.6970042586326599,0.6869024634361267
452,320,240,0.8999999761581421,-0.2067549228668213,-0.009112805128097534,-0.6966426372528076,0.6869195103645325
453,320,240,0.8999999761581421,-0.20797939598560333,-0.007905066013336182,-0.6962780356407166,0.6869344711303711
454,320,240,0.8999999761581421,-0.20920594036579132,-0.006694674491882324,-0.6959105134010315,0.6869473457336426
455,320,240,0.8999999761581421,-0.21043455600738525,-0.005481600761413574,-0.6955399513244629,0.6869580745697021
456,320,240,0.8999999761581421,-0.21166521310806274,-0.004265785217285156,-0.6951664686203003,0.6869667172431946
457,320,240,0.8999999761581421,-0.21289783716201782,-0.003047376871109009,-0.6947900056838989,0.6869732141494751
458,320,240,0.8999999761581421,-0.21413245797157288,-0.0018262267112731934,-0.694410502910614,0.6869775056838989
459,320,240,0.8999999761581421,-0.21536913514137268,-0.0006023943424224854,-0.6940279006958008,0.6869796514511108
460,320,240,0.8999999761581421,-0.21660785377025604,0.0006239712238311768,-0.693642258644104,0.6869796514511108
461,320,240,0.8999999761581421,-0.21784859895706177,0.0018531382083892822,-0.6932536363601685,0.6869774460792542
462,320,240,0.8999999761581421,-0.2190912961959839,0.003084927797317505,-0.6928619146347046,0.6869730353355408
463,320,240,0.8999999761581421,-0.22033599019050598,0.004319429397583008,-0.6924670934677124,0.6869664192199707
464,320,240,0.8999999761581421,-0.22158265113830566,0.0055564939975738525,-0.6920691728591919,0.6869574785232544
465,320,240,0.8999999761581421,-0.22283129394054413,0.0067962706089019775,-0.6916680335998535,0.6869463324546814
466,320,240,0.8999999761581421,-0.2240818291902542,0.008038640022277832,-0.6912640333175659,0.6869329214096069
467,320,240,0.8999999761581421,-0.22533436119556427,0.009283721446990967,-0.6908566951751709,0.686917245388031
468,320,240,0.8999999761581421,-0.22658886015415192,0.010531365871429443,-0.6904462575912476,0.6868992447853088
469,320,240,0.8999999761581421,-0.22784514725208282,0.011781632900238037,-0.6900327801704407,0.6868789196014404
470,320,240,0.8999999761581421,-0.22910355031490326,0.013034552335739136,-0.6896158456802368,0.6868562698364258
471,320,240,0.8999999761581421,-0.23036383092403412,0.01429012417793274,-0.6891958713531494,0.6868312954902649
472,320,240,0.8999999761581421,-0.23162591457366943,0.015548288822174072,-0.6887727975845337,0.6868039965629578
473,320,240,0.8999999761581421,-0.23288993537425995,0.01680910587310791,-0.6883464455604553,0.6867742538452148
474,320,240,0.8999999761581421,-0.23415589332580566,0.018072515726089478,-0.6879167556762695,0.6867421865463257
475,320,240,0.8999999761581421,-0.23542360961437225,0.01933842897415161,-0.687484085559845,0.6867076754570007
476,320,240,0.8999999761581421,-0.23669327795505524,0.020607024431228638,-0.6870479583740234,0.6866708397865295
477,320,240,0.8999999761581421,-0.23796480894088745,0.02187824249267578,-0.686608612537384,0.6866315007209778
478,320,240,0.8999999761581421,-0.2392381876707077,0.023151904344558716,-0.6861659288406372,0.6865897178649902
479,320,240,0.8999999761581421,-0.24051335453987122,0.024428367614746094,-0.6857199668884277,0.6865454912185669
480,320,240,0.8999999761581421,-0.24179035425186157,0.02570730447769165,-0.6852707266807556,0.686498761177063
481,320,240,0.8999999761581421,-0.24306927621364594,0.02698880434036255,-0.6848182082176208,0.6864495873451233
482,320,240,0.8999999761581421,-0.2443498969078064,0.028272897005081177,-0.6843622922897339,0.686397910118103
483,320,240,0.8999999761581421,-0.2456323206424713,0.029559582471847534,-0.6839029788970947,0.6863436698913574
484,320,240,0.8999999761581421,-0.24691656231880188,0.030848771333694458,-0.6834404468536377,0.6862869262695312
485,320,240,0.8999999761581421,-0.24820265173912048,0.032140493392944336,-0.6829743385314941,0.6862276792526245
486,320,240,0.8999999761581421,-0.2494904100894928,0.033434778451919556,-0.6825050115585327,0.6861658096313477
487,320,240,0.8999999761581421,-0.250779926776886,0.03473171591758728,-0.6820322275161743,0.6861014366149902
488,320,240,0.8999999761581421,-0.2520712912082672,0.03603106737136841,-0.6815560460090637,0.6860344409942627
489,320,240,0.8999999761581421,-0.25336432456970215,0.03733298182487488,-0.6810764074325562,0.685964822769165
490,320,240,0.8999999761581421,-0.25465911626815796,0.03863748908042908,-0.6805933713912964,0.6858925223350525
491,320,240,0.8999999761581421,-0.2559555768966675,0.03994449973106384,-0.6801068782806396,0.6858176589012146
492,320,240,0.8999999761581421,-0.2572537660598755,0.04125398397445679,-0.6796168684959412,0.6857401728630066
493,320,240,0.8999999761581421,-0.258553683757782,0.0425659716129303,-0.6791234016418457,0.6856599450111389
494,320,240,0.8999999761581421,-0.2598552405834198,0.043880462646484375,-0.6786264181137085,0.6855771541595459
495,320,240,0.8999999761581421,-0.2611585259437561,0.04519742727279663,-0.6781259179115295,0.6854915618896484
496,320,240,0.8999999761581421,-0.26246342062950134,0.04651695489883423,-0.6776219606399536,0.6854032278060913
497,320,240,0.8999999761581421,-0.2637700140476227,0.04783892631530762,-0.6771144270896912,0.6853122711181641
498,320,240,0.8999999761581421,-0.26507824659347534,0.04916346073150635,-0.6766033172607422,0.6852185130119324
499,320,240,0.8999999761581421,-0.26638808846473694,0.05049043893814087,-0.6760887503623962,0.685122013092041
500,320,240,0.8999999761581421,-0.26769956946372986,0.05181986093521118,-0.6755704879760742,0.6850227117538452

